fixture                    rung iters     elems |         k=0 first/mid/last | k=2 last k=4 last k=8 last | nodes k=4 last
F1_lbracket_snug              0   141      4480 |  100.00    97.59    72.01 |   100.00   100.00   100.00 |        100.00
F1_lbracket_snug              1   206      4480 |  100.00    96.12    57.32 |    99.38   100.00   100.00 |        100.00
F1_lbracket_snug              2   215      4480 |  100.00    90.71    45.62 |    98.39   100.00   100.00 |        100.00
F1_lbracket_snug              3   247      4480 |  100.00    86.79    32.59 |    89.64   100.00   100.00 |        100.00
F2_designbox_10x              0   121     46080 |   42.01    23.04    17.11 |    36.44    59.52    83.65 |         61.25
F2_designbox_10x              1   121     46080 |   32.58    21.12    14.84 |    32.17    54.68    82.14 |         56.53
F2_designbox_10x              2    61     46080 |   23.98    26.91    13.16 |    31.07    54.15    88.10 |         55.92
F2_designbox_10x              3    61     46080 |   16.42    36.50    10.86 |    27.01    48.13    82.80 |         50.06
F3_designbox_dilute           0     4    262144 |    2.48     2.97     5.92 |    11.75    18.77    35.90 |         19.79
cli_snapshot                  0    26     39672 |    7.88    35.24    59.59 |    84.44    95.47   100.00 |         96.00

PER-ITERATION DETAIL (every row, k=0/2/4/8 element %)

-- F1_lbracket_snug rung 0 (4480 elements) --
iter  k=0    k=2    k=4    k=8   | nodes k=0  k=2   k=4   k=8
   1 100.00 100.00 100.00 100.00 |    100.00 100.00 100.00 100.00
  11 100.00 100.00 100.00 100.00 |    100.00 100.00 100.00 100.00
  21  97.90 100.00 100.00 100.00 |     99.34 100.00 100.00 100.00
  31  97.59 100.00 100.00 100.00 |     99.27 100.00 100.00 100.00
  41  97.59 100.00 100.00 100.00 |     99.27 100.00 100.00 100.00
  51  98.30 100.00 100.00 100.00 |     99.50 100.00 100.00 100.00
  61  97.63 100.00 100.00 100.00 |     99.27 100.00 100.00 100.00
  71  97.59 100.00 100.00 100.00 |     99.27 100.00 100.00 100.00
  81  97.59 100.00 100.00 100.00 |     99.27 100.00 100.00 100.00
  91  98.08 100.00 100.00 100.00 |     99.45 100.00 100.00 100.00
 101  99.20 100.00 100.00 100.00 |     99.91 100.00 100.00 100.00
 111  98.53 100.00 100.00 100.00 |     99.61 100.00 100.00 100.00
 121  99.96 100.00 100.00 100.00 |     99.98 100.00 100.00 100.00
 131 100.00 100.00 100.00 100.00 |    100.00 100.00 100.00 100.00
 140  72.01 100.00 100.00 100.00 |     85.84 100.00 100.00 100.00  <- rung boundary

-- F1_lbracket_snug rung 1 (4480 elements) --
iter  k=0    k=2    k=4    k=8   | nodes k=0  k=2   k=4   k=8
   1 100.00 100.00 100.00 100.00 |    100.00 100.00 100.00 100.00
  15  98.30 100.00 100.00 100.00 |     99.49 100.00 100.00 100.00
  29  96.74 100.00 100.00 100.00 |     98.81 100.00 100.00 100.00
  43  96.43 100.00 100.00 100.00 |     98.71 100.00 100.00 100.00
  57  96.29 100.00 100.00 100.00 |     98.67 100.00 100.00 100.00
  71  96.16 100.00 100.00 100.00 |     98.74 100.00 100.00 100.00
  85  97.59 100.00 100.00 100.00 |     99.33 100.00 100.00 100.00
  99  96.12 100.00 100.00 100.00 |     98.78 100.00 100.00 100.00
 113  96.12 100.00 100.00 100.00 |     98.78 100.00 100.00 100.00
 127  96.52 100.00 100.00 100.00 |     98.85 100.00 100.00 100.00
 141  97.54 100.00 100.00 100.00 |     99.36 100.00 100.00 100.00
 155  97.72 100.00 100.00 100.00 |     99.47 100.00 100.00 100.00
 169  97.86 100.00 100.00 100.00 |     99.50 100.00 100.00 100.00
 183  99.29 100.00 100.00 100.00 |     99.91 100.00 100.00 100.00
 197  99.96 100.00 100.00 100.00 |    100.00 100.00 100.00 100.00
 205  57.32  99.38 100.00 100.00 |     75.74 99.95 100.00 100.00  <- rung boundary

-- F1_lbracket_snug rung 2 (4480 elements) --
iter  k=0    k=2    k=4    k=8   | nodes k=0  k=2   k=4   k=8
   1 100.00 100.00 100.00 100.00 |    100.00 100.00 100.00 100.00
  16  97.68 100.00 100.00 100.00 |     99.43 100.00 100.00 100.00
  31  92.54 100.00 100.00 100.00 |     97.32 100.00 100.00 100.00
  46  91.79 100.00 100.00 100.00 |     96.88 100.00 100.00 100.00
  61  91.16 100.00 100.00 100.00 |     96.88 100.00 100.00 100.00
  76  90.27 100.00 100.00 100.00 |     96.47 100.00 100.00 100.00
  91  94.46 100.00 100.00 100.00 |     98.21 100.00 100.00 100.00
 106  90.85 100.00 100.00 100.00 |     96.85 100.00 100.00 100.00
 121  91.56 100.00 100.00 100.00 |     97.11 100.00 100.00 100.00
 136  93.39 100.00 100.00 100.00 |     97.84 100.00 100.00 100.00
 151  94.64 100.00 100.00 100.00 |     98.49 100.00 100.00 100.00
 166  95.18 100.00 100.00 100.00 |     98.65 100.00 100.00 100.00
 181  97.59 100.00 100.00 100.00 |     99.52 100.00 100.00 100.00
 196  97.59 100.00 100.00 100.00 |     99.56 100.00 100.00 100.00
 211  98.79 100.00 100.00 100.00 |     99.82 100.00 100.00 100.00
 214  45.62  98.39 100.00 100.00 |     66.79 99.73 100.00 100.00  <- rung boundary

-- F1_lbracket_snug rung 3 (4480 elements) --
iter  k=0    k=2    k=4    k=8   | nodes k=0  k=2   k=4   k=8
   1 100.00 100.00 100.00 100.00 |    100.00 100.00 100.00 100.00
  18  94.29 100.00 100.00 100.00 |     99.11 100.00 100.00 100.00
  35  85.62 100.00 100.00 100.00 |     94.77 100.00 100.00 100.00
  52  81.56 100.00 100.00 100.00 |     92.54 100.00 100.00 100.00
  69  81.56 100.00 100.00 100.00 |     92.45 100.00 100.00 100.00
  86  81.70 100.00 100.00 100.00 |     92.65 100.00 100.00 100.00
 103  81.52 100.00 100.00 100.00 |     92.49 100.00 100.00 100.00
 120  82.72 100.00 100.00 100.00 |     92.96 100.00 100.00 100.00
 137  84.02 100.00 100.00 100.00 |     93.41 100.00 100.00 100.00
 154  88.57 100.00 100.00 100.00 |     95.80 100.00 100.00 100.00
 171  90.04 100.00 100.00 100.00 |     96.79 100.00 100.00 100.00
 188  89.82 100.00 100.00 100.00 |     96.76 100.00 100.00 100.00
 205  95.49 100.00 100.00 100.00 |     99.45 100.00 100.00 100.00
 222  94.87 100.00 100.00 100.00 |     99.04 100.00 100.00 100.00
 239  98.26 100.00 100.00 100.00 |     99.81 100.00 100.00 100.00
 246  32.59  89.64 100.00 100.00 |     53.16 97.22 100.00 100.00  <- rung boundary

-- F2_designbox_10x rung 0 (46080 elements) --
iter  k=0    k=2    k=4    k=8   | nodes k=0  k=2   k=4   k=8
   1  42.01  55.70  68.06  82.53 |     44.30 57.55 69.48 83.27
   9  90.10  96.43  99.12 100.00 |     90.85 96.62 99.18 100.00
  17  58.22  71.75  81.25  93.26 |     59.86 72.77 81.91 93.53
  25  32.70  53.85  69.62  86.76 |     35.25 55.52 70.73 87.29
  33  19.86  39.96  62.19  84.26 |     22.28 42.15 63.69 84.90
  41  17.50  36.91  59.36  83.72 |     19.90 39.19 61.03 84.37
  49  17.22  36.51  59.04  83.54 |     19.63 38.80 60.71 84.20
  57  17.17  36.05  58.91  83.46 |     19.52 38.25 60.59 84.13
  65  18.96  38.74  61.63  84.34 |     21.40 40.98 63.20 84.97
  73  17.58  36.79  59.79  83.71 |     20.02 39.06 61.48 84.37
  81  17.47  36.43  59.57  83.63 |     19.88 38.65 61.26 84.29
  89  17.45  36.45  59.57  83.67 |     19.88 38.68 61.26 84.33
  97  17.48  36.49  59.59  83.67 |     19.91 38.73 61.29 84.33
 105  17.50  36.50  59.62  83.64 |     19.94 38.74 61.31 84.30
 113  17.87  37.22  60.22  83.80 |     20.37 39.51 61.91 84.45
 120  17.11  36.44  59.52  83.65 |     19.66 38.79 61.25 84.31  <- rung boundary

-- F2_designbox_10x rung 1 (46080 elements) --
iter  k=0    k=2    k=4    k=8   | nodes k=0  k=2   k=4   k=8
   1  32.58  46.40  59.87  76.22 |     34.95 48.74 61.57 77.22
   9  70.23  85.64  93.13  99.77 |     74.05 86.66 93.47 99.79
  17  55.25  70.91  80.75  93.44 |     57.12 71.95 81.38 93.70
  25  30.85  53.98  72.22  88.52 |     33.38 55.95 73.23 88.98
  33  18.25  36.93  60.66  85.97 |     20.72 39.17 62.33 86.54
  41  15.69  33.58  56.80  84.69 |     18.14 35.87 58.61 85.31
  49  15.33  32.89  55.74  84.28 |     17.73 35.16 57.55 84.91
  57  15.22  32.67  55.40  84.07 |     17.60 34.94 57.22 84.71
  65  17.38  35.46  58.86  84.66 |     19.74 37.66 60.58 85.28
  73  15.34  32.85  55.65  83.36 |     17.72 35.12 57.47 84.03
  81  15.16  32.62  55.34  83.07 |     17.55 34.88 57.17 83.75
  89  15.03  32.38  54.98  82.76 |     17.40 34.63 56.82 83.46
  97  14.95  32.23  54.76  82.55 |     17.30 34.49 56.60 83.25
 105  14.92  32.17  54.68  82.42 |     17.27 34.43 56.52 83.13
 113  14.87  32.20  54.70  82.29 |     17.25 34.44 56.55 83.01
 120  14.84  32.17  54.68  82.14 |     17.21 34.42 56.53 82.86  <- rung boundary

-- F2_designbox_10x rung 2 (46080 elements) --
iter  k=0    k=2    k=4    k=8   | nodes k=0  k=2   k=4   k=8
   1  23.98  36.81  49.47  69.49 |     26.21 39.03 51.61 70.72
   5  30.98  50.17  65.91  81.51 |     34.48 53.27 67.61 82.25
   9  64.17  77.70  87.17  95.79 |     66.48 78.72 87.76 95.96
  13  76.38  92.46  97.48 100.00 |     80.29 92.96 97.60 100.00
  17  64.55  77.97  87.44  96.57 |     66.02 78.86 87.97 96.71
  21  57.21  72.70  83.57  95.95 |     58.89 73.73 84.18 96.11
  25  43.66  64.45  78.55  94.26 |     46.11 65.79 79.33 94.49
  29  31.43  55.27  73.27  92.08 |     34.00 57.09 74.25 92.40
  33  23.08  44.93  68.45  90.63 |     25.72 47.08 69.74 91.01
  37  17.82  37.94  62.08  89.67 |     20.47 40.15 63.61 90.09
  41  15.08  34.16  58.24  89.24 |     17.66 36.43 59.95 89.67
  45  13.90  32.59  56.43  88.93 |     16.47 34.91 58.21 89.38
  49  13.53  32.00  55.59  88.62 |     16.07 34.31 57.38 89.08
  53  13.30  31.39  54.59  88.52 |     15.79 33.65 56.36 88.98
  57  13.23  31.30  54.38  88.15 |     15.73 33.56 56.13 88.63
  60  13.16  31.07  54.15  88.10 |     15.63 33.32 55.92 88.58  <- rung boundary

-- F2_designbox_10x rung 3 (46080 elements) --
iter  k=0    k=2    k=4    k=8   | nodes k=0  k=2   k=4   k=8
   1  16.42  27.93  39.80  62.85 |     18.27 29.99 41.93 64.39
   5  23.31  40.68  55.76  75.26 |     26.66 43.46 58.12 76.34
   9  49.99  68.12  78.31  90.16 |     53.52 69.77 79.22 90.57
  13  59.32  82.37  94.89 100.00 |     63.99 84.29 95.50 100.00
  17  60.22  79.47  93.17 100.00 |     64.13 81.66 94.17 100.00
  21  76.94  89.92  95.77 100.00 |     79.23 90.54 96.01 100.00
  25  59.62  77.38  87.11  96.78 |     61.72 78.28 87.61 96.91
  29  44.02  66.33  78.88  93.18 |     46.41 67.62 79.59 93.45
  33  30.92  53.89  73.28  89.99 |     33.39 55.79 74.26 90.40
  37  22.33  42.36  66.25  87.69 |     24.74 44.45 67.60 88.19
  41  17.05  35.29  58.74  86.26 |     19.43 37.47 60.45 86.81
  45  13.87  30.78  52.54  85.27 |     16.22 32.94 54.27 85.87
  49  11.85  28.12  49.51  84.11 |     14.18 30.37 51.42 84.76
  53  11.28  27.49  48.76  83.35 |     13.60 29.73 50.69 84.02
  57  10.95  27.16  48.32  83.05 |     13.29 29.39 50.25 83.74
  60  10.86  27.01  48.13  82.80 |     13.21 29.24 50.06 83.49  <- rung boundary

-- F3_designbox_dilute rung 0 (262144 elements) --
iter  k=0    k=2    k=4    k=8   | nodes k=0  k=2   k=4   k=8
   1   2.48   5.46   9.93  23.22 |      2.96  6.14 10.75 24.19
   2   4.95   9.70  15.43  30.79 |      5.84 10.51 16.31 31.71
   3   2.97   6.46  11.52  26.08 |      3.53  7.23 12.41 27.08
   4   5.92  11.75  18.77  35.90 |      6.89 12.79 19.79 36.88

-- cli_snapshot rung 0 (39672 elements) --
iter  k=0    k=2    k=4    k=8   | nodes k=0  k=2   k=4   k=8
   1   7.88  16.19  27.57  58.22 |      9.11 17.65 29.14 59.48
   2  19.48  39.46  59.99  85.76 |     23.31 41.26 61.45 86.23
   3  18.57  50.27  76.14  96.48 |     24.38 53.39 77.34 96.60
   4  19.56  40.66  60.92  81.26 |     23.26 43.00 62.29 81.82
   5   7.36  14.87  25.47  54.26 |      8.63 16.37 27.13 55.66
   6  25.53  47.54  67.93  89.23 |     28.75 49.76 69.15 89.59
   7   6.17  12.90  22.60  50.23 |      7.32 14.31 24.20 51.68
   8  29.84  50.90  70.07  91.25 |     33.22 52.54 71.21 91.57
   9  18.12  50.97  79.00  99.88 |     23.52 56.00 80.52 99.89
  10  35.26  56.15  71.67  90.81 |     38.00 57.84 72.83 91.21
  11  25.82  60.04  85.76 100.00 |     32.14 64.90 88.02 100.00
  12  31.91  51.47  65.13  82.03 |     34.94 53.24 66.33 82.61
  13  32.43  64.84  86.90 100.00 |     38.48 69.32 88.28 100.00
  14  35.24  53.12  64.72  80.62 |     38.01 54.75 65.89 81.22
  15  37.50  70.64  90.72 100.00 |     43.63 74.78 91.66 100.00
  16  37.45  54.26  65.07  80.65 |     39.88 55.84 66.22 81.25
  17  40.44  71.63  93.23 100.00 |     46.37 76.57 94.22 100.00
  18  38.31  54.78  65.51  80.96 |     40.64 56.35 66.64 81.54
  19  46.01  76.87  95.70 100.00 |     51.98 81.57 96.41 100.00
  20  41.15  56.61  66.69  82.58 |     43.54 58.13 67.81 83.14
  21  49.86  79.05  95.68 100.00 |     55.72 83.50 96.44 100.00
  22  44.20  58.85  68.34  83.62 |     47.08 60.27 69.37 84.13
  23  54.26  82.23  95.69 100.00 |     60.24 85.62 96.34 100.00
  24  47.03  61.24  70.41  84.85 |     50.08 62.59 71.36 85.30
  25  59.59  84.44  95.47 100.00 |     65.51 86.98 96.00 100.00
  25  59.59  84.44  95.47 100.00 |     65.51 86.98 96.00 100.00  <- rung boundary
